6 8
 0  0  5 -1 -7 -2  3  3
-1  0 -2 -1  0  5 -3  5
-3 -4  4 -8  4  5  4  5
-5  5 -1 -4 -4 -8 -1  1
-1  4  4 -6  4  0 -1  2
-3  4 -3  2  1 -8  3 -5

5 0 0 -1   5 0 0 9   -1 0 0 5   -3 0 5 -1   4 0 4 5   6 0 -3 10   3 0 -2 2   0 0 3 13   
4 0 0 -3   4 0 -1 9   6 5 0 7   7 -1 -2 -8   7 -7 -1 5   2 -2 0 5   5 3 5 5   0 3 2 8   
10 -1 0 -5   14 0 -3 13   10 3 -4 3   18 -1 4 -4   14 0 -4 1   9 5 4 -8   5 0 9 1   0 8 13 3   
5 -3 0 -1   -1 -4 -5 8   -4 7 5 4   -4 -8 4 -4   -8 4 0 5   0 10 -4 0   1 4 -8 2   0 13 -1 2   
8 -5 0 -3   4 5 -1 4   -1 6 4 -3   5 -4 8 2   1 0 2 1   1 2 6 -8   2 3 6 3   0 14 5 -5   
4 -1 0 0   0 9 -3 0   3 10 4 0   1 -6 1 0   -5 4 3 0   3 2 4 0   -5 2 -4 0   0 16 3 0 
